 10 100 
 18 12 33 10 43 35 44 50 50 26 22 13 
 31 30 31 24 32 17 28 47 20 28 48 41 
 13 20 37 22 42 23 21 28 18 44 47 12 
 47 23 38 28 27 25 17 21 35 37 21 25 
 31 42 29 21 13 11 21 48 46 13 27 42 
 38 40 35 23 27 24 49 33 38 14 14 27 
 38 15 34 21 10 26 39 13 36 20 49 10 
 36 42 21 12 31 39 43 39 20 15 43 49 
 21 31 20 37 
 19 40 43 50 17 18 33 30 16 44 24 35 
 12 24 15 28 30 12 15 15 39 11 11 19 
 47 41 22 50 41 50 41 49 37 15 25 15 
 48 39 30 41 34 24 34 15 33 34 35 28 
 26 27 43 17 40 33 37 48 24 14 28 12 
 29 14 40 33 21 29 17 46 32 36 15 28 
 50 31 39 39 33 17 23 24 14 36 15 17 
 32 34 35 44 18 46 25 41 33 49 43 10 
 25 15 30 17 
 18 33 30 22 13 17 42 28 11 12 32 47 
 32 39 41 12 34 14 14 30 23 10 15 35 
 44 24 48 24 27 40 26 47 40 46 12 34 
 39 26 40 26 30 46 47 27 37 45 19 39 
 10 42 40 48 32 36 31 17 35 41 25 10 
 50 13 44 10 31 36 33 13 44 25 23 31 
 17 11 27 33 34 31 46 11 28 14 28 33 
 45 16 21 48 47 29 44 10 35 20 34 24 
 31 36 15 48 
 28 34 17 43 41 34 25 34 29 22 49 45 
 19 18 31 25 25 14 48 23 19 27 20 41 
 14 29 22 39 23 24 17 44 38 41 42 20 
 37 26 27 14 33 15 29 11 17 48 33 40 
 18 22 45 44 41 20 50 15 19 19 26 47 
 14 12 31 48 41 42 27 39 43 48 33 20 
 20 13 23 22 42 46 32 32 36 40 22 43 
 18 26 39 31 47 20 20 40 36 36 22 44 
 50 43 19 14 
 40 31 17 36 50 28 20 27 15 25 42 15 
 11 39 22 36 48 48 28 41 16 26 49 47 
 21 44 50 34 39 16 19 21 32 12 48 24 
 23 41 44 15 45 26 48 21 44 35 43 37 
 45 39 32 15 12 45 33 16 49 49 26 42 
 31 25 20 12 10 20 46 46 46 41 30 14 
 18 40 10 22 33 17 33 17 30 21 40 27 
 42 50 47 14 19 16 39 26 48 22 49 18 
 27 32 25 22 
 27 28 30 10 10 43 22 48 47 21 17 30 
 49 46 12 45 37 23 37 27 20 19 29 48 
 36 46 46 31 38 10 17 10 42 49 48 29 
 40 44 31 26 31 10 13 43 49 30 46 16 
 11 37 24 39 40 39 30 23 28 26 26 39 
 23 31 23 10 45 39 42 13 25 37 38 26 
 22 38 33 24 43 45 10 30 25 12 25 34 
 11 46 50 50 19 20 39 29 28 36 19 38 
 38 24 45 26 
 34 49 17 11 14 48 42 23 27 25 28 32 
 21 39 48 33 11 39 30 44 46 14 47 30 
 39 36 37 47 25 38 41 49 33 11 40 50 
 50 28 39 44 21 17 38 25 25 12 14 16 
 20 45 47 18 32 45 44 25 28 31 39 12 
 15 42 50 21 16 49 25 22 10 20 16 11 
 27 15 29 34 27 42 43 46 44 42 28 48 
 23 33 20 39 31 10 43 48 20 48 46 43 
 39 29 32 33 
 26 32 41 10 34 43 47 20 21 42 41 16 
 28 35 39 23 29 35 41 15 26 32 41 43 
 15 35 34 10 21 14 48 43 28 41 13 43 
 10 31 29 45 45 16 33 27 26 17 34 14 
 23 29 42 15 16 20 38 29 20 32 17 20 
 26 12 38 31 32 31 28 29 33 21 48 27 
 19 18 37 13 33 12 25 32 23 48 34 20 
 28 11 12 14 18 37 28 49 23 20 19 37 
 16 39 12 49 
 40 42 30 26 30 30 25 29 29 31 36 23 
 10 48 23 48 32 29 38 28 37 15 15 28 
 41 23 22 38 45 27 48 20 32 32 34 38 
 46 41 41 48 16 35 25 35 49 39 47 36 
 22 47 41 36 25 21 42 11 16 37 12 29 
 22 47 10 22 37 39 12 40 39 11 43 42 
 21 11 44 12 47 36 17 42 15 23 41 22 
 20 40 42 10 27 24 49 27 21 40 48 49 
 22 16 14 25 
 26 29 25 21 16 20 38 41 38 24 41 41 
 14 31 32 32 17 23 25 35 16 17 43 24 
 35 35 24 16 23 31 19 48 28 30 13 35 
 34 26 46 23 16 39 16 48 44 48 22 48 
 21 11 35 14 29 38 41 34 22 31 36 38 
 15 13 22 19 27 40 27 12 12 25 42 40 
 24 41 39 34 33 40 33 31 35 14 29 35 
 16 14 23 47 23 35 12 24 42 48 31 31 
 11 13 41 41 
 12 18 20 8 22 16 19 24 9 21 13 22 
 14 7 11 8 23 7 7 14 15 9 12 16 
 6 14 25 24 12 17 14 18 16 9 9 25 
 7 9 11 20 10 13 22 24 8 16 6 19 
 8 23 24 13 9 15 16 14 9 14 8 6 
 13 13 24 18 7 13 24 22 8 20 25 6 
 19 19 13 14 5 24 18 20 20 10 13 19 
 11 23 19 12 25 16 13 9 19 13 9 5 
 20 5 7 21 
 15 12 9 14 16 11 5 5 9 9 15 11 
 16 11 24 6 13 20 8 14 7 10 11 10 
 24 6 12 23 20 17 10 15 21 18 11 17 
 13 16 25 20 25 17 7 14 11 5 10 25 
 6 18 9 22 6 23 21 16 23 10 6 6 
 6 13 12 5 18 8 14 5 14 16 23 6 
 19 13 19 6 7 5 14 6 8 13 25 16 
 20 11 7 21 15 24 6 18 9 15 16 23 
 24 25 17 11 
 13 7 18 7 20 11 12 6 23 18 24 19 
 13 6 11 18 19 8 25 11 19 11 24 13 
 9 15 16 6 15 8 18 5 20 19 17 12 
 19 6 5 13 24 25 14 17 22 24 5 7 
 8 22 11 21 17 22 24 11 21 23 9 5 
 11 7 10 17 12 17 13 19 8 21 14 23 
 9 21 7 24 13 13 20 25 22 14 13 14 
 12 7 11 8 10 22 21 19 15 12 25 15 
 21 19 6 18 
 23 20 12 12 12 17 13 12 10 9 24 8 
 7 22 25 24 11 6 7 20 14 8 25 15 
 8 20 10 9 8 20 23 5 18 11 7 17 
 15 18 6 7 18 10 23 16 24 14 5 12 
 20 21 9 24 22 14 20 12 17 10 9 7 
 11 6 15 9 13 10 6 14 14 23 10 19 
 21 18 19 6 21 17 22 12 7 16 13 13 
 14 6 11 15 7 9 5 17 15 22 5 7 
 7 16 13 16 
 15 24 14 9 8 21 14 17 22 9 8 5 
 25 24 9 23 5 24 13 22 10 25 15 24 
 19 21 20 24 24 9 7 18 19 8 15 9 
 9 8 25 23 22 5 5 22 5 17 6 7 
 20 23 25 17 15 10 15 14 12 17 13 15 
 25 19 5 14 14 20 16 20 17 17 23 21 
 5 13 22 21 25 16 9 19 14 12 14 16 
 14 24 16 14 18 13 6 6 16 15 21 16 
 6 14 7 9 
 23 7 20 5 13 15 10 13 18 25 22 10 
 18 15 13 23 23 8 7 8 10 10 7 11 
 6 15 5 17 7 22 6 18 25 25 24 11 
 14 7 12 17 24 11 22 14 11 10 24 11 
 18 10 16 21 16 23 10 12 25 17 5 7 
 6 8 16 13 19 15 18 13 9 22 17 21 
 23 7 25 21 5 9 13 25 17 20 23 16 
 12 18 17 25 22 8 6 19 20 12 9 14 
 24 14 24 24 
 15 25 20 23 17 11 25 22 6 19 15 15 
 21 13 8 16 8 19 16 9 10 15 8 23 
 19 9 22 6 23 18 20 15 14 15 22 9 
 11 23 10 6 10 21 11 25 10 9 8 24 
 7 24 24 18 7 13 10 6 5 6 20 7 
 17 9 20 20 6 7 11 16 11 7 8 24 
 25 10 9 25 11 14 17 20 22 23 21 11 
 8 19 7 21 14 6 13 23 11 14 15 10 
 21 11 5 10 
 25 15 24 24 10 16 25 16 8 14 25 7 
 18 23 18 21 13 14 11 14 9 6 22 7 
 13 24 17 16 19 8 5 5 22 21 14 13 
 17 24 19 7 9 23 17 5 12 24 10 25 
 21 6 10 14 11 18 10 6 12 12 7 7 
 13 18 22 7 13 23 20 22 10 12 21 19 
 24 17 19 15 14 20 21 14 15 5 11 8 
 6 6 10 14 17 20 12 15 9 10 10 10 
 12 25 12 14 
 6 12 5 20 24 20 10 13 25 21 20 6 
 21 7 15 22 20 12 22 14 21 10 7 6 
 24 12 15 16 16 13 24 17 10 14 16 7 
 22 16 10 22 17 10 24 9 23 11 22 23 
 22 10 10 18 19 12 11 11 6 25 25 17 
 20 21 22 17 24 17 22 9 13 17 13 16 
 16 5 15 22 10 22 8 14 20 9 8 7 
 5 17 16 16 18 23 17 17 25 22 10 19 
 17 18 18 22 
 16 16 9 14 18 20 5 8 13 6 6 23 
 10 12 15 16 20 22 12 8 9 15 16 5 
 9 20 12 6 12 8 8 12 8 14 7 13 
 12 18 12 5 23 19 7 12 22 16 18 24 
 21 8 5 15 6 5 12 25 19 17 5 24 
 6 11 23 16 11 13 12 9 19 22 19 20 
 14 15 18 5 16 15 9 21 12 23 20 21 
 6 13 24 25 17 24 5 14 25 7 18 17 
 7 22 7 18 
 192 192 192 192 192 192 192 192 192 192 
