 10 200 
 42 28 41 28 36 40 26 47 47 44 35 44 
 22 29 25 49 45 11 26 36 18 32 20 20 
 46 14 23 41 17 49 43 23 41 49 49 41 
 25 46 30 16 12 43 22 11 17 20 41 45 
 34 32 19 40 24 43 37 47 20 50 23 35 
 32 31 47 31 20 11 11 39 20 32 18 43 
 39 35 25 11 12 14 13 42 38 34 37 45 
 23 27 48 20 30 29 14 20 22 22 35 35 
 26 13 20 18 27 40 22 29 41 10 19 36 
 18 24 38 18 35 50 14 33 24 35 42 26 
 22 16 42 40 22 18 39 11 46 19 17 29 
 17 44 23 38 38 25 37 17 13 29 40 33 
 23 17 22 47 39 43 37 26 47 23 44 34 
 28 21 42 19 10 23 38 22 43 25 40 11 
 32 47 44 26 14 16 21 20 26 25 22 25 
 41 37 50 21 19 10 12 41 43 46 22 33 
 37 49 15 48 40 12 43 50 
 10 29 18 30 46 26 14 37 13 32 34 47 
 12 10 47 10 38 47 33 41 31 33 29 28 
 24 26 11 12 32 46 36 12 22 36 33 17 
 14 21 50 15 13 23 48 49 13 48 29 34 
 25 30 46 30 41 14 30 16 14 37 25 44 
 43 13 19 37 22 41 13 35 32 19 28 50 
 44 13 27 28 33 41 33 47 46 49 44 24 
 46 27 21 11 36 29 29 48 20 50 24 20 
 29 44 22 27 11 43 45 30 21 46 33 39 
 20 10 48 47 30 17 33 18 21 41 38 22 
 18 21 47 27 38 22 36 18 43 36 11 39 
 31 44 29 47 50 32 16 36 50 26 15 27 
 11 40 36 26 29 32 24 19 36 19 39 47 
 10 43 36 44 49 35 29 11 13 23 25 28 
 14 33 23 31 39 46 33 23 48 10 47 38 
 10 25 42 10 27 19 18 27 19 36 36 30 
 17 50 16 29 45 31 29 23 
 25 20 34 14 29 37 30 26 18 10 33 27 
 36 15 23 43 34 46 11 29 26 11 45 29 
 19 35 50 29 13 47 33 37 16 30 43 37 
 27 14 12 27 29 30 17 21 14 46 16 42 
 42 29 19 12 40 30 22 11 33 16 16 11 
 14 16 19 35 25 10 15 48 42 44 16 15 
 49 50 35 29 23 47 23 11 19 13 15 35 
 31 41 43 25 18 49 20 35 22 17 47 20 
 32 18 14 13 45 38 34 20 27 36 16 39 
 19 40 38 37 40 27 28 12 13 41 16 40 
 38 11 17 14 19 13 48 37 44 16 34 41 
 14 39 10 28 23 27 24 15 46 14 49 38 
 41 11 19 42 47 38 44 21 21 19 17 47 
 30 18 27 46 47 40 43 13 50 17 46 26 
 34 49 15 23 29 49 40 15 23 11 45 37 
 33 46 22 14 39 10 46 44 42 15 26 46 
 15 30 23 37 16 33 32 38 
 45 34 42 26 20 28 26 10 50 26 12 11 
 39 49 40 23 26 34 18 20 48 34 36 37 
 25 38 12 32 20 34 15 48 21 27 47 47 
 32 50 18 20 50 40 47 36 12 39 21 11 
 22 47 28 47 42 35 44 16 15 23 18 20 
 14 17 36 38 35 19 29 44 42 15 20 41 
 14 26 44 41 29 18 44 21 10 36 19 13 
 26 27 31 20 31 13 26 43 35 28 50 28 
 21 31 41 40 32 41 29 29 40 29 34 16 
 45 38 17 11 37 16 30 30 41 28 11 45 
 18 28 32 37 39 43 43 40 17 33 28 31 
 27 46 37 19 45 39 21 10 21 35 48 21 
 10 31 36 23 15 22 34 42 29 31 49 40 
 31 43 38 11 46 22 30 35 16 41 27 45 
 12 36 25 50 43 39 33 50 27 33 20 19 
 40 47 20 46 18 17 19 29 17 20 49 39 
 33 25 20 48 32 47 19 17 
 30 30 36 20 39 44 26 13 45 44 24 25 
 49 23 46 47 45 11 24 38 49 17 47 18 
 48 18 25 45 30 50 27 47 48 18 19 25 
 21 16 31 26 43 33 23 23 19 45 19 35 
 30 24 34 42 18 42 32 47 23 46 46 17 
 11 48 15 44 41 29 35 28 46 10 50 44 
 28 40 43 16 14 12 45 40 42 17 36 32 
 25 34 44 14 38 20 17 19 19 46 24 36 
 46 35 36 10 12 49 34 18 30 11 46 27 
 19 36 18 49 49 20 30 20 50 18 31 16 
 32 45 49 41 22 17 49 10 46 42 28 13 
 24 43 11 22 19 44 47 14 25 35 32 47 
 46 11 29 35 39 33 17 21 50 49 19 11 
 30 26 35 32 46 42 33 16 29 31 44 45 
 35 21 35 39 22 14 49 21 49 39 20 48 
 20 42 21 41 40 32 27 41 19 24 45 47 
 35 16 45 16 18 25 25 35 
 15 19 12 16 10 33 28 35 19 16 46 43 
 28 16 14 43 14 23 22 13 49 11 13 37 
 27 16 30 31 26 40 45 22 46 19 37 44 
 28 34 41 29 24 10 41 28 18 21 43 34 
 50 38 46 38 19 37 29 24 18 41 12 15 
 11 24 24 32 33 33 17 38 42 11 32 27 
 30 34 32 28 32 46 24 20 45 43 36 37 
 40 39 14 30 29 37 27 25 16 11 39 50 
 30 20 38 10 18 48 23 49 30 50 23 47 
 32 50 32 48 44 31 24 34 18 45 47 34 
 24 21 42 10 47 46 39 19 30 49 37 36 
 50 33 26 31 40 48 30 26 27 41 13 39 
 33 27 14 32 29 49 35 12 32 40 41 26 
 33 21 49 45 13 17 46 45 33 29 48 33 
 20 48 44 48 30 37 28 36 23 43 25 12 
 31 15 43 25 24 47 21 21 28 38 44 27 
 22 12 28 27 26 22 50 31 
 35 18 25 10 14 24 50 41 50 38 48 12 
 24 38 49 45 35 24 32 46 49 46 36 26 
 44 28 45 33 13 11 24 40 10 37 35 35 
 40 36 47 12 11 43 49 13 14 17 22 49 
 46 23 19 46 38 45 31 22 48 49 48 50 
 20 43 42 34 19 50 21 16 10 36 21 29 
 29 34 47 50 50 26 10 48 18 45 19 31 
 18 41 26 32 28 46 43 44 40 10 43 24 
 35 31 31 33 31 36 48 49 50 19 37 19 
 23 21 11 15 20 39 45 24 19 12 13 32 
 43 21 11 39 25 18 44 23 17 24 42 18 
 13 17 35 26 42 35 25 35 32 11 17 41 
 21 21 42 32 34 24 19 39 13 45 26 42 
 13 18 13 42 29 21 46 46 31 50 47 38 
 40 25 32 32 14 13 14 15 16 41 48 36 
 17 29 23 26 46 16 16 33 50 11 36 47 
 35 43 10 49 43 10 19 36 
 20 42 11 41 36 13 23 26 23 10 38 39 
 50 30 40 47 28 22 42 14 16 48 27 47 
 25 19 34 18 50 27 43 13 24 48 14 33 
 44 45 17 40 44 36 37 19 14 39 35 31 
 33 18 18 47 45 27 18 49 14 29 31 44 
 16 35 42 42 37 34 20 38 29 30 45 23 
 23 50 47 19 39 35 50 32 38 31 35 49 
 28 14 34 16 40 19 50 35 33 20 13 29 
 26 18 25 24 26 21 25 19 12 12 41 15 
 13 49 39 16 42 33 35 39 22 48 11 34 
 43 46 29 37 32 14 30 46 24 10 41 18 
 36 40 35 32 43 36 48 44 34 37 31 33 
 29 26 13 12 49 11 44 25 27 33 46 39 
 31 19 37 37 46 47 48 27 19 34 22 23 
 11 18 28 41 39 45 50 50 49 44 21 25 
 12 38 14 30 23 15 27 43 50 48 12 31 
 12 32 45 35 22 43 10 34 
 40 48 39 42 50 50 28 29 10 24 43 31 
 21 31 46 50 42 13 37 35 32 37 10 10 
 27 22 43 45 16 31 15 24 31 40 29 17 
 12 34 18 17 11 16 35 43 27 21 50 41 
 41 39 30 15 46 16 36 41 16 19 25 39 
 15 15 47 30 34 21 41 42 38 31 23 17 
 50 18 50 11 25 49 12 44 38 11 17 48 
 43 23 11 23 10 15 31 17 36 20 29 10 
 40 45 10 44 39 41 40 30 27 16 32 28 
 15 42 35 13 40 40 21 50 19 23 49 18 
 26 31 32 41 19 38 39 41 25 34 10 13 
 13 36 18 15 31 24 21 41 42 17 12 24 
 31 20 40 41 14 30 17 47 19 35 14 28 
 32 31 27 34 29 20 44 38 41 33 24 13 
 12 48 29 18 30 43 32 31 24 40 45 19 
 30 27 18 47 14 27 17 35 21 49 21 25 
 34 24 49 25 49 21 37 22 
 24 37 43 26 31 31 16 27 14 13 20 40 
 33 48 27 36 15 33 14 17 20 31 38 46 
 47 14 17 21 43 36 27 38 25 15 22 30 
 20 27 41 42 20 43 45 18 34 10 12 29 
 12 28 32 31 26 47 50 45 18 29 34 49 
 37 44 41 15 36 31 21 13 15 43 14 26 
 45 21 11 49 48 48 18 42 20 17 33 28 
 39 10 23 14 43 14 39 31 47 16 39 29 
 21 45 28 19 38 19 41 50 32 30 25 42 
 11 15 40 48 35 34 29 21 21 50 39 21 
 39 26 24 31 12 18 13 33 11 42 45 30 
 34 26 16 19 34 17 48 50 27 21 27 19 
 37 19 10 42 21 17 10 11 28 28 38 48 
 37 40 33 17 19 41 44 45 34 23 33 41 
 44 44 10 23 40 21 46 47 31 24 18 18 
 10 16 46 12 15 12 20 22 27 42 38 12 
 41 45 17 44 29 16 14 19 
 22 12 14 15 21 20 8 21 7 7 6 5 
 5 5 24 14 24 11 10 10 12 10 9 19 
 13 20 9 9 20 25 8 25 13 25 14 9 
 24 18 22 20 8 12 10 12 18 12 20 21 
 22 14 13 18 18 13 19 12 21 19 7 6 
 23 18 7 12 23 15 19 18 15 23 16 23 
 12 22 7 7 10 6 23 13 8 9 14 24 
 22 9 17 5 18 17 11 14 17 14 14 17 
 9 11 22 21 19 24 21 10 24 22 25 24 
 24 9 25 17 10 14 11 24 9 8 11 9 
 5 19 23 8 10 7 8 5 5 18 5 10 
 24 12 23 23 21 12 20 19 17 9 13 23 
 23 20 9 23 10 7 7 13 16 22 13 14 
 16 17 9 5 14 15 19 24 19 6 5 21 
 12 7 15 24 14 15 15 17 18 12 23 14 
 14 24 8 6 15 18 17 24 6 25 9 5 
 12 14 17 10 17 7 10 24 
 20 16 20 15 19 23 12 5 17 11 8 21 
 14 23 13 19 20 12 19 21 18 19 20 10 
 5 23 23 7 9 23 15 8 16 23 11 23 
 17 12 25 15 12 11 12 18 25 11 18 18 
 20 6 7 19 6 11 9 6 15 23 25 25 
 12 20 14 15 5 25 13 23 18 7 8 10 
 9 21 8 25 22 23 15 12 14 16 21 19 
 12 17 21 19 11 10 20 17 24 16 19 21 
 25 14 16 22 10 16 16 16 6 25 15 15 
 23 15 15 8 17 9 23 13 16 18 18 11 
 17 15 11 10 21 10 17 21 23 18 16 17 
 7 12 18 17 11 20 20 8 7 7 25 13 
 12 9 24 21 21 19 18 8 7 24 9 22 
 5 25 15 12 20 17 19 12 22 11 21 17 
 5 18 15 15 19 7 7 11 16 17 22 14 
 11 8 17 12 10 14 9 16 21 7 14 10 
 8 6 14 24 10 16 9 17 
 22 5 22 15 20 24 24 9 17 22 21 11 
 13 21 5 6 23 20 15 5 10 12 13 10 
 13 15 20 15 10 11 23 22 25 23 7 18 
 16 11 11 11 15 12 11 21 16 13 15 12 
 16 9 19 17 21 14 8 6 9 8 22 20 
 20 8 20 10 10 6 25 22 15 9 24 21 
 22 8 13 23 10 9 9 11 13 5 17 21 
 22 15 11 11 25 24 11 21 22 21 14 5 
 8 25 15 13 5 21 12 22 23 7 11 22 
 6 15 13 24 7 24 14 21 22 20 13 20 
 20 15 6 10 19 8 18 7 18 22 7 10 
 20 12 25 16 11 19 17 18 22 22 25 10 
 6 15 20 8 13 19 20 23 6 8 13 9 
 16 14 18 15 11 16 14 21 9 18 6 6 
 17 6 8 16 9 25 21 9 7 6 15 5 
 11 5 14 12 7 5 24 11 20 6 20 7 
 13 20 19 18 9 12 19 15 
 19 8 13 11 7 25 15 22 20 16 23 22 
 10 19 16 20 19 23 16 14 20 16 5 24 
 19 21 8 9 18 16 22 21 8 20 22 10 
 18 25 18 24 7 20 15 18 8 21 24 16 
 7 11 18 8 6 20 14 22 17 20 19 8 
 12 15 8 5 7 6 16 6 20 15 17 13 
 22 25 10 22 5 21 9 10 13 13 21 13 
 12 20 21 18 5 13 13 19 14 19 12 7 
 13 11 20 24 19 6 16 6 9 15 15 14 
 24 8 5 11 6 10 5 18 11 21 18 10 
 18 10 18 16 5 21 24 6 11 9 8 16 
 19 19 16 22 7 6 22 22 25 20 19 9 
 10 14 19 19 20 11 16 13 16 16 11 20 
 9 19 6 21 21 13 21 5 7 13 14 13 
 6 12 8 23 15 16 14 11 20 14 13 5 
 16 5 20 23 17 9 15 25 13 16 5 8 
 13 5 24 24 13 15 5 16 
 6 19 22 24 21 23 13 25 22 11 9 13 
 21 24 13 14 5 25 18 11 5 19 21 5 
 10 7 11 12 8 15 22 5 21 25 16 20 
 12 6 13 16 14 22 16 7 16 6 16 21 
 23 7 19 11 15 20 7 9 6 11 5 23 
 5 8 12 14 14 6 9 19 19 24 11 11 
 7 18 5 25 25 21 5 16 19 21 19 24 
 13 13 20 15 9 6 12 14 18 14 21 16 
 25 12 10 13 14 10 17 17 25 24 19 9 
 12 20 15 13 16 21 9 19 15 20 8 18 
 16 15 6 17 25 16 10 23 19 6 11 9 
 13 8 22 18 20 20 5 16 7 19 16 25 
 9 20 6 15 16 24 21 13 17 13 9 9 
 22 23 20 7 20 5 12 20 11 6 9 17 
 19 20 19 7 19 18 15 22 6 21 16 22 
 12 14 21 14 15 13 9 20 11 6 5 21 
 18 25 23 8 6 14 24 19 
 20 12 21 17 18 21 16 15 24 24 7 16 
 24 24 10 14 22 21 23 5 14 23 20 13 
 19 7 16 7 21 6 24 6 11 21 21 6 
 18 18 22 15 13 24 19 5 11 11 6 6 
 5 14 9 14 16 14 12 14 19 17 13 18 
 14 25 5 22 17 21 13 8 14 22 10 12 
 16 8 14 6 19 17 25 22 23 9 19 21 
 22 5 10 15 25 8 22 11 12 12 24 7 
 9 25 21 24 23 9 15 15 6 20 6 25 
 10 8 16 13 23 15 8 13 20 7 17 23 
 18 11 18 9 21 16 7 24 14 19 13 23 
 24 25 8 11 11 15 12 16 13 16 9 11 
 7 14 18 25 20 14 12 6 9 9 22 21 
 6 11 24 11 8 23 25 25 17 13 21 10 
 7 7 19 24 15 14 11 25 9 24 19 21 
 13 24 13 14 23 22 25 5 19 15 17 10 
 22 12 20 20 25 5 16 18 
 24 20 17 23 7 24 23 25 15 16 7 15 
 13 19 14 11 14 22 19 11 10 7 7 20 
 14 15 8 5 12 17 17 23 24 14 5 17 
 23 7 23 20 20 17 5 10 15 7 6 25 
 11 16 9 18 14 15 14 18 20 15 6 10 
 25 7 24 8 19 5 11 19 15 13 9 18 
 14 7 5 20 17 22 18 20 13 6 25 11 
 5 9 9 24 23 11 17 11 11 21 12 21 
 16 21 5 10 21 15 13 6 17 23 22 5 
 18 18 12 23 10 9 21 9 21 24 5 14 
 21 14 11 15 22 5 15 5 11 25 10 22 
 17 8 5 13 23 11 20 18 18 16 12 17 
 7 15 21 17 19 18 12 5 22 11 6 18 
 8 14 23 6 13 15 9 16 24 15 13 25 
 15 18 9 19 20 21 16 6 18 8 14 11 
 22 15 13 15 5 23 6 5 25 24 23 6 
 25 23 18 23 24 22 19 6 
 9 20 9 18 10 22 19 14 9 8 19 17 
 11 24 10 17 25 25 24 12 6 16 17 9 
 17 15 16 22 21 17 25 24 16 10 23 15 
 13 13 12 24 20 9 18 6 12 16 24 6 
 25 6 13 23 10 17 8 17 16 12 10 21 
 19 16 5 21 14 16 22 18 20 12 6 15 
 21 18 22 6 11 8 8 18 20 12 22 9 
 17 16 13 9 16 9 14 20 6 18 18 22 
 15 18 25 6 18 22 6 11 15 18 8 7 
 16 21 16 25 19 21 21 17 7 8 5 10 
 8 17 10 5 12 25 11 9 24 11 16 6 
 22 7 16 12 15 5 22 13 17 21 19 21 
 22 24 9 16 24 13 17 18 10 19 25 15 
 8 5 14 7 15 7 8 16 25 23 13 18 
 9 11 12 15 7 16 21 18 20 9 11 9 
 12 14 17 13 17 12 13 16 6 11 12 18 
 17 9 20 22 23 22 17 8 
 15 21 19 15 20 23 6 7 17 19 21 7 
 20 17 8 14 10 9 16 24 24 18 6 22 
 9 17 17 19 13 25 18 22 22 15 7 23 
 10 17 15 22 9 8 15 10 15 16 14 20 
 6 19 23 23 14 7 16 19 24 22 11 12 
 16 15 9 16 11 6 7 19 17 24 25 9 
 23 7 21 9 8 7 13 8 14 22 8 9 
 18 25 15 11 23 13 24 17 14 23 16 9 
 18 5 20 12 19 9 8 23 17 22 12 22 
 12 11 21 17 12 13 14 5 15 18 18 18 
 21 11 20 16 9 20 24 18 6 14 8 22 
 19 6 18 8 23 10 7 18 22 12 9 22 
 13 24 10 5 8 23 11 17 6 14 12 25 
 7 25 12 19 16 8 6 15 18 9 20 16 
 24 5 14 14 12 22 9 19 20 18 12 13 
 23 15 24 7 18 10 22 23 17 18 21 7 
 14 23 14 10 24 19 19 15 
 15 16 25 19 23 12 5 24 6 14 23 20 
 23 20 17 6 6 6 16 24 25 6 23 18 
 24 22 16 14 22 21 18 11 23 24 21 8 
 13 23 22 11 22 6 10 5 17 23 11 12 
 14 22 7 9 24 22 9 6 16 5 5 23 
 22 24 13 11 25 5 9 8 25 16 18 15 
 24 23 13 24 16 15 24 20 15 9 17 9 
 5 16 10 5 17 9 24 21 13 21 21 22 
 12 12 24 15 23 20 11 8 25 24 14 13 
 10 12 6 6 16 17 13 25 6 11 10 8 
 24 23 16 25 11 9 13 8 8 8 6 12 
 11 24 15 5 5 5 23 24 15 15 12 6 
 16 8 10 25 21 10 12 8 25 8 17 19 
 8 14 19 16 5 15 24 15 18 25 20 17 
 23 21 17 15 5 8 5 14 25 20 8 7 
 9 21 14 16 20 5 6 15 22 19 24 8 
 11 25 12 6 14 24 14 15 
 365 365 365 365 365 365 365 365 365 365 
