 10 200 
 48 29 18 43 32 19 22 15 38 36 12 17 
 11 15 38 37 43 44 42 22 25 50 30 48 
 50 45 29 44 42 14 14 14 12 14 44 37 
 48 17 30 44 22 49 26 46 42 38 27 39 
 40 21 49 44 43 27 16 44 17 31 20 47 
 25 26 25 49 19 47 26 22 46 15 38 36 
 13 29 18 35 47 26 22 25 27 44 24 18 
 44 19 17 25 41 13 32 37 12 26 33 28 
 20 19 23 50 21 15 44 34 36 43 13 34 
 23 28 44 31 48 20 32 27 24 32 27 13 
 16 14 33 35 23 47 33 31 30 16 25 27 
 50 27 37 39 15 25 10 33 16 21 24 11 
 50 48 31 48 23 41 33 27 20 43 12 40 
 43 10 18 11 50 28 36 43 13 31 44 50 
 22 20 23 40 32 31 13 42 45 11 31 39 
 45 28 17 46 36 15 47 27 20 49 14 42 
 20 35 34 45 36 12 42 23 
 31 21 37 40 42 13 12 33 26 27 18 14 
 13 26 35 47 29 41 32 34 28 18 38 35 
 30 48 11 38 47 50 44 37 39 48 11 40 
 20 11 17 17 14 38 29 12 21 36 14 45 
 29 14 33 35 23 29 23 20 30 21 12 46 
 17 27 14 46 27 31 42 22 25 37 17 24 
 11 15 38 44 43 27 40 15 50 19 11 22 
 46 37 16 28 33 25 17 32 46 39 35 45 
 41 49 36 30 38 31 35 43 43 41 30 22 
 13 17 27 12 48 50 23 50 18 48 16 47 
 38 32 19 18 29 26 19 26 30 50 34 46 
 45 24 49 20 39 24 46 39 38 34 47 49 
 44 48 14 26 30 36 18 23 26 49 24 45 
 32 23 32 21 48 50 11 29 36 14 28 24 
 33 23 18 44 20 32 42 13 43 22 28 43 
 11 23 49 22 43 25 13 11 43 27 17 20 
 49 12 38 38 44 50 17 38 
 44 46 14 45 29 17 32 38 34 14 40 47 
 17 43 50 29 39 24 20 37 10 50 27 13 
 14 13 36 32 25 26 15 46 31 47 37 30 
 18 43 27 50 28 12 40 46 27 14 35 27 
 27 17 13 16 12 26 32 28 29 34 21 26 
 22 48 13 31 20 12 19 46 23 50 33 16 
 22 32 31 26 24 27 15 37 43 42 14 26 
 45 23 32 11 40 46 24 16 38 28 38 14 
 20 36 30 36 47 29 10 23 35 39 31 32 
 33 19 31 42 27 46 19 41 31 38 25 27 
 18 49 50 15 40 10 28 16 23 38 33 46 
 10 21 30 37 30 28 29 47 45 17 40 18 
 26 47 36 12 17 32 41 21 40 32 35 18 
 43 46 36 15 46 10 43 16 44 34 39 19 
 36 22 31 32 13 16 32 26 25 49 49 34 
 12 19 21 15 44 12 10 35 19 34 30 30 
 48 13 50 29 37 45 18 13 
 21 33 14 50 16 22 30 43 38 47 14 15 
 31 21 25 32 32 37 23 15 31 42 50 35 
 13 14 18 23 48 38 21 19 22 22 12 18 
 15 46 12 43 19 23 22 47 10 28 22 10 
 32 20 10 50 20 29 50 46 28 11 45 40 
 13 49 16 39 16 17 30 37 14 30 30 41 
 29 29 17 34 10 38 18 11 13 26 46 44 
 14 41 18 37 46 30 40 13 37 42 45 28 
 46 39 47 22 24 45 49 10 30 26 37 26 
 17 18 10 11 10 26 14 47 45 11 18 20 
 39 45 10 22 26 27 22 25 17 11 16 30 
 15 50 25 43 49 43 14 48 18 26 33 27 
 42 23 18 41 24 45 23 48 49 19 12 41 
 10 26 17 26 20 11 25 15 46 12 35 30 
 16 16 13 23 47 47 30 35 27 46 10 33 
 32 13 45 49 15 26 41 21 24 29 13 26 
 48 24 14 31 14 30 21 20 
 47 34 34 15 18 34 21 49 33 34 39 44 
 30 39 45 33 26 46 20 18 25 34 27 18 
 37 21 19 30 25 48 47 22 38 50 50 27 
 12 30 21 40 28 34 45 35 24 50 20 47 
 31 48 11 21 16 47 28 35 28 46 48 22 
 27 19 43 43 32 50 47 37 34 47 37 22 
 45 43 23 28 23 25 43 18 43 30 47 41 
 42 45 20 27 48 48 41 38 50 28 19 48 
 14 45 25 46 49 24 29 45 20 45 23 21 
 42 34 15 31 20 21 14 26 30 11 43 25 
 22 47 36 45 50 47 15 42 35 38 41 31 
 27 31 32 37 35 14 27 31 15 30 37 49 
 24 36 16 23 36 20 47 16 24 10 41 31 
 25 14 28 27 46 18 39 30 26 24 35 47 
 32 34 32 16 46 18 40 35 19 40 46 20 
 35 33 16 28 30 16 41 41 18 41 45 47 
 24 46 24 17 23 12 19 40 
 19 14 49 30 36 14 29 30 34 25 32 19 
 48 21 12 48 40 50 32 20 36 44 48 21 
 10 48 10 28 41 49 42 23 29 16 19 28 
 15 39 44 36 42 15 38 48 18 45 47 19 
 36 44 24 11 49 30 14 29 30 21 27 36 
 24 38 32 41 36 48 22 22 16 44 37 49 
 37 21 18 24 15 10 46 46 26 44 44 38 
 29 15 35 29 10 31 37 30 44 11 33 14 
 39 27 30 44 35 27 37 28 42 42 25 12 
 30 36 10 29 41 41 48 19 36 23 32 19 
 22 11 17 24 13 12 43 26 21 19 26 22 
 28 40 23 50 18 25 40 11 16 47 15 32 
 14 15 50 16 10 48 44 33 43 46 39 46 
 10 10 11 37 29 40 11 29 42 18 10 28 
 35 29 21 40 16 18 47 32 26 16 33 26 
 17 49 21 27 30 44 25 22 36 24 44 45 
 13 13 37 29 42 29 47 37 
 21 20 20 14 30 13 47 50 18 43 39 27 
 46 39 29 33 49 28 35 22 13 41 39 49 
 27 11 50 10 39 25 14 30 14 32 21 33 
 26 23 32 21 36 40 41 13 48 36 47 44 
 23 46 19 10 33 17 48 45 28 15 50 19 
 48 12 28 39 32 48 22 50 14 50 50 43 
 28 25 25 41 20 28 47 50 27 16 24 10 
 26 39 38 28 39 35 10 37 47 42 38 11 
 37 41 38 37 50 22 24 50 10 43 33 23 
 43 12 36 40 32 45 28 27 50 39 49 33 
 23 30 41 28 16 15 27 18 14 11 11 29 
 28 39 31 14 18 45 39 10 40 35 12 43 
 37 27 25 40 42 41 32 13 11 27 22 13 
 25 42 13 47 15 30 25 37 12 46 21 30 
 33 12 31 36 19 28 11 46 24 48 21 11 
 27 35 17 40 16 43 49 34 20 41 46 43 
 33 34 11 49 29 40 19 27 
 18 39 11 28 32 16 20 33 40 19 38 40 
 33 22 24 22 33 42 30 27 36 19 49 32 
 46 31 39 35 25 26 42 15 45 42 37 15 
 12 31 20 31 31 44 28 43 10 11 28 31 
 44 17 49 32 29 32 21 37 12 16 26 22 
 35 16 21 44 43 50 15 46 20 33 27 22 
 13 50 40 38 35 21 37 13 10 34 40 25 
 40 26 36 42 41 15 31 17 15 33 43 39 
 49 39 31 23 38 30 48 28 22 38 15 21 
 23 36 12 36 43 20 36 42 34 34 37 27 
 18 42 40 44 46 27 25 48 42 15 21 33 
 12 41 47 30 38 35 31 46 19 11 32 44 
 31 18 40 14 18 18 45 12 16 17 16 27 
 10 38 41 34 26 13 15 19 12 13 18 47 
 26 18 14 25 28 33 45 21 10 15 29 17 
 46 30 31 17 13 13 15 28 39 35 38 42 
 28 17 20 24 33 21 34 17 
 13 34 30 10 20 31 33 32 41 30 36 21 
 11 49 45 19 48 49 28 49 20 33 36 33 
 19 37 12 27 31 30 38 37 13 34 34 34 
 49 29 16 17 44 28 24 16 14 22 45 35 
 23 11 18 29 12 19 49 49 34 34 24 29 
 49 11 46 44 19 43 36 23 10 15 44 37 
 48 45 13 11 40 30 26 38 28 21 42 48 
 33 29 44 49 11 38 21 49 10 28 30 10 
 12 31 21 48 48 30 40 30 20 22 37 36 
 33 36 17 44 12 21 10 41 25 23 24 32 
 32 27 25 41 45 31 36 30 36 39 28 33 
 25 41 45 14 38 15 20 14 24 16 40 24 
 33 27 10 47 15 16 23 36 43 47 26 24 
 45 17 22 36 35 16 27 45 50 23 49 49 
 38 24 24 12 50 35 30 31 47 43 18 39 
 36 27 32 15 13 14 33 31 27 37 21 38 
 21 21 45 48 35 43 40 25 
 20 40 43 35 27 43 37 33 36 20 28 10 
 38 47 32 46 17 34 27 37 12 26 18 46 
 28 18 40 25 17 13 36 40 11 39 43 23 
 38 41 23 41 49 19 45 16 21 32 41 41 
 31 38 42 32 22 50 35 27 35 45 26 17 
 35 18 11 26 20 30 47 20 48 41 25 20 
 33 11 49 45 28 31 27 32 16 28 46 28 
 47 23 45 30 44 45 29 48 13 28 13 34 
 40 50 49 46 26 20 36 19 44 34 33 27 
 22 19 37 11 37 36 20 13 36 27 13 18 
 39 29 50 32 39 23 43 34 47 43 18 17 
 27 46 37 42 38 34 46 32 13 21 28 49 
 21 40 43 39 25 36 25 39 30 42 22 31 
 42 33 14 37 40 23 18 35 27 35 49 11 
 37 28 28 26 15 31 30 11 43 50 43 50 
 13 28 32 12 50 31 15 41 39 14 37 49 
 45 33 45 13 47 31 42 12 
 13 19 21 14 14 22 6 23 11 6 5 11 
 16 12 23 11 11 19 11 9 13 15 14 13 
 15 13 18 21 25 12 19 10 14 18 23 14 
 6 9 8 16 18 9 23 21 14 8 21 17 
 5 24 11 22 11 19 18 25 11 6 20 5 
 21 7 8 23 14 24 5 13 15 23 24 20 
 11 21 9 6 22 21 15 12 5 9 18 11 
 23 25 25 6 18 25 16 24 23 24 17 21 
 5 5 7 21 20 9 6 5 10 7 18 8 
 9 10 21 13 11 14 12 24 7 22 6 18 
 9 9 14 18 11 14 9 21 15 6 14 17 
 22 21 6 21 7 6 9 14 12 22 11 18 
 15 6 5 11 8 23 14 20 13 17 6 22 
 14 15 5 20 21 23 18 8 25 12 13 15 
 25 11 10 23 7 25 14 22 20 11 11 17 
 10 6 12 9 8 19 14 18 18 9 24 13 
 10 7 19 13 13 5 10 16 
 16 10 12 22 12 13 17 19 21 7 14 13 
 19 16 25 25 5 18 24 19 11 23 19 15 
 5 5 22 17 15 25 18 10 10 6 18 5 
 7 5 23 5 25 8 23 22 22 18 10 23 
 7 15 8 5 25 6 22 21 20 18 21 19 
 19 18 17 6 25 15 13 23 15 25 11 16 
 12 22 13 13 10 24 5 20 8 25 9 7 
 12 14 21 25 18 19 15 21 15 21 21 9 
 9 7 13 7 18 18 20 22 12 10 9 7 
 14 8 6 11 14 13 14 7 8 6 23 18 
 17 19 12 21 17 9 21 25 7 9 19 5 
 23 16 22 18 8 9 22 14 9 12 21 13 
 24 24 18 12 9 6 8 15 25 21 5 22 
 19 6 8 18 13 20 17 9 16 16 7 15 
 15 9 7 13 9 21 18 19 7 14 21 23 
 14 22 18 7 24 23 16 17 18 19 6 12 
 11 13 24 24 8 17 25 5 
 20 17 10 12 12 22 21 24 6 14 12 5 
 23 5 6 5 25 17 10 10 11 18 21 12 
 22 18 19 22 9 24 19 21 20 10 21 9 
 17 8 11 21 16 10 6 20 17 14 6 21 
 12 9 23 14 20 19 8 20 12 17 13 25 
 14 5 9 10 5 25 18 11 5 19 6 22 
 21 23 5 12 22 8 8 23 24 23 15 10 
 5 21 6 19 6 7 21 5 17 15 16 24 
 20 6 25 15 21 15 22 20 19 5 19 18 
 23 15 19 22 6 11 16 9 12 8 8 9 
 17 21 25 25 15 11 12 10 17 20 13 6 
 7 23 9 5 19 6 21 24 8 23 22 5 
 20 25 19 13 6 10 25 14 8 23 13 12 
 5 16 11 20 22 22 22 21 12 12 17 10 
 24 10 16 24 6 6 16 23 17 8 6 10 
 15 19 22 13 20 13 23 8 11 14 22 18 
 12 23 16 23 23 21 10 24 
 25 13 12 25 11 25 20 21 20 20 6 21 
 7 11 24 5 20 8 16 22 14 19 8 14 
 19 9 8 5 11 25 12 16 9 8 6 18 
 15 20 6 6 5 12 16 13 16 10 11 11 
 8 16 24 12 19 24 15 13 23 22 17 13 
 9 10 22 16 12 21 22 7 12 21 8 6 
 22 14 17 5 14 21 23 8 20 20 21 5 
 10 9 20 22 16 13 8 19 12 25 15 12 
 24 12 9 6 22 18 11 6 6 5 18 5 
 16 13 12 16 18 18 12 22 18 19 20 25 
 6 14 15 24 14 21 25 11 25 17 24 17 
 21 8 22 10 12 23 16 10 19 24 11 10 
 21 23 8 5 11 21 7 7 9 7 16 20 
 14 16 21 22 7 24 11 9 13 12 21 25 
 21 17 13 25 23 9 7 8 15 20 5 13 
 23 8 13 14 14 10 19 8 12 10 10 8 
 15 17 21 5 19 14 6 11 
 8 13 21 5 7 15 7 7 23 10 9 11 
 5 19 25 7 23 15 16 20 10 10 17 19 
 6 16 11 14 24 24 15 13 22 9 14 18 
 16 8 11 22 16 10 9 13 16 13 24 11 
 6 8 8 13 12 5 21 17 8 11 6 16 
 15 15 17 15 19 21 19 16 13 22 20 5 
 18 9 24 24 11 17 12 7 10 10 23 17 
 23 12 19 7 22 10 18 20 21 5 24 17 
 10 14 23 23 25 11 7 15 5 11 18 16 
 11 21 8 17 11 17 13 10 9 6 5 15 
 17 15 25 24 11 18 19 21 19 12 5 11 
 20 18 7 23 6 14 23 14 16 20 5 21 
 18 17 21 22 22 13 13 22 20 21 9 15 
 18 18 6 6 20 12 11 25 8 7 10 22 
 21 11 18 9 10 11 15 21 10 15 13 6 
 11 20 7 11 25 17 6 10 16 19 6 16 
 18 24 10 15 23 10 21 24 
 21 9 7 23 18 21 5 15 20 8 25 13 
 10 18 16 6 20 8 14 17 22 15 14 6 
 11 13 22 23 17 19 23 22 8 10 25 7 
 6 15 21 23 12 11 17 16 13 24 18 6 
 5 14 17 10 12 6 25 18 11 21 8 18 
 5 13 16 6 20 9 8 22 25 5 25 24 
 22 8 19 21 19 19 14 14 11 7 9 15 
 7 17 7 8 19 21 25 23 7 16 19 8 
 23 19 25 17 24 9 14 14 16 24 5 23 
 24 6 18 8 22 14 9 6 8 15 9 15 
 7 21 8 25 23 14 25 17 16 21 6 11 
 15 7 6 12 17 11 18 5 9 19 24 10 
 12 18 24 7 20 15 15 15 24 25 24 23 
 11 19 24 22 10 16 13 14 13 25 12 15 
 14 22 6 23 19 7 19 17 8 14 5 12 
 6 14 5 25 25 9 25 25 17 6 24 11 
 10 18 12 23 15 11 23 17 
 11 20 6 16 14 11 11 7 11 14 16 23 
 15 13 19 20 19 6 10 8 6 18 9 14 
 8 13 17 25 20 21 23 15 24 24 20 19 
 25 12 23 20 9 23 21 11 15 19 8 15 
 7 23 6 22 25 18 22 16 13 25 6 16 
 25 11 17 23 20 7 18 12 15 19 13 11 
 5 18 14 19 18 22 6 5 5 18 6 19 
 22 15 21 6 22 9 9 24 14 6 24 15 
 16 19 16 6 18 21 20 17 16 15 16 17 
 16 17 23 24 16 6 10 7 8 23 20 9 
 6 18 20 23 11 12 21 25 6 20 19 23 
 23 15 15 14 5 22 16 25 25 23 21 25 
 16 19 25 21 18 19 11 10 7 15 18 18 
 21 21 22 25 11 5 14 11 5 21 11 18 
 13 21 6 12 19 24 24 19 16 18 23 24 
 24 6 25 15 21 21 13 24 12 8 17 7 
 6 8 22 9 20 23 15 22 
 9 8 10 18 19 8 10 19 14 22 5 10 
 23 12 5 8 11 9 19 24 13 14 15 25 
 18 12 24 5 25 10 10 20 15 16 14 10 
 5 8 16 17 25 23 21 24 13 5 16 12 
 17 8 17 10 15 23 19 7 25 18 12 20 
 18 15 18 6 25 9 15 7 19 20 15 24 
 11 7 23 16 16 24 17 10 8 23 16 5 
 12 25 11 5 16 19 24 17 21 17 16 14 
 25 9 13 16 25 5 16 7 10 17 12 8 
 12 25 24 5 6 7 12 22 20 11 9 9 
 15 23 24 14 18 16 20 13 11 8 19 12 
 7 9 5 19 9 6 17 13 6 14 9 19 
 5 15 6 20 13 22 7 7 16 12 24 18 
 12 19 22 18 15 17 6 22 17 23 8 6 
 9 6 13 10 24 20 25 12 10 11 9 11 
 12 18 20 8 24 25 22 23 11 17 9 16 
 16 18 20 20 22 20 23 19 
 22 22 22 10 13 15 16 6 19 16 16 13 
 17 5 12 20 17 12 24 13 25 25 7 21 
 9 7 6 10 14 18 7 24 9 9 11 12 
 24 17 8 20 20 5 10 18 10 16 13 10 
 5 20 21 25 22 22 20 20 20 19 5 8 
 6 21 15 6 9 23 17 25 6 6 23 12 
 14 6 21 22 17 5 23 25 10 7 13 19 
 14 12 5 22 24 18 18 17 16 16 18 15 
 8 9 23 5 15 11 15 23 15 25 24 13 
 24 11 23 9 25 9 5 9 18 25 20 16 
 9 25 15 7 18 16 24 14 5 11 16 23 
 25 20 21 9 7 16 25 9 17 20 7 10 
 13 16 11 18 9 10 17 10 19 15 13 23 
 12 16 17 9 12 25 14 12 12 8 12 9 
 7 14 12 18 8 18 10 11 15 9 9 17 
 25 6 5 11 24 18 16 14 20 16 19 25 
 12 19 21 22 17 14 16 19 
 25 25 25 14 10 18 22 18 18 7 6 6 
 25 15 12 5 9 18 15 23 24 23 8 24 
 20 20 25 5 19 24 19 15 19 8 5 24 
 14 19 8 12 23 23 17 17 11 22 22 18 
 11 11 7 18 8 24 21 10 22 6 23 8 
 23 22 22 12 23 22 6 21 18 21 15 18 
 23 21 21 8 8 17 14 15 19 12 17 20 
 22 14 7 6 17 12 19 6 10 23 24 6 
 20 13 5 10 18 9 21 17 23 22 24 9 
 21 14 6 22 11 6 17 17 10 11 18 15 
 16 25 25 22 10 22 21 11 7 7 6 5 
 14 16 25 10 18 23 22 19 17 12 13 20 
 21 17 24 7 5 17 19 16 22 7 16 7 
 10 21 6 21 11 23 21 9 7 14 20 20 
 19 12 14 24 25 15 5 14 11 17 23 19 
 19 19 13 10 8 16 18 6 21 5 8 7 
 13 12 8 14 22 24 18 5 
 243 243 243 243 243 243 243 243 243 243 
